Sample_ID	RB1_phosphoproteomics_S249	RB1_phosphoproteomics_S37	RB1_phosphoproteomics_S608	RB1_phosphoproteomics_S612	RB1_phosphoproteomics_S624	RB1_phosphoproteomics_S773	RB1_phosphoproteomics_S780	RB1_phosphoproteomics_S788	RB1_phosphoproteomics_S794	RB1_phosphoproteomics_S795	RB1_phosphoproteomics_S807	RB1_phosphoproteomics_S811	RB1_phosphoproteomics_S919	RB1_phosphoproteomics_T252	RB1_phosphoproteomics_T353	RB1_phosphoproteomics_T356	RB1_phosphoproteomics_T373	RB1_phosphoproteomics_T625	RB1_phosphoproteomics_T774	RB1_phosphoproteomics_T778	RB1_phosphoproteomics_T821	RB1_phosphoproteomics_T823	RB1_phosphoproteomics_T826	RB1_phosphoproteomics_Y771	RB1_phosphoproteomics_Y805	RB1_phosphoproteomics_Y813	binary_mutations
S001	-0.1070000000000001	-0.09999999999999998					-0.267			-1.63	1.0950000000000002	1.0950000000000002	-0.253	-0.24750000000000005		1.245	-0.655	-0.487	-1.455	-0.267	0.715	0.545	0.545			0.31500000000000006	Wildtype
S002	0.07699999999999996	-0.09300000000000003								0.747	1.658	2.183	-0.045999999999999985			-0.30695000000000006	0.267	0.523		-0.6095		0.513	0.513		1.233		Wildtype
S003	-0.29079	0.01821									1.52121	1.9112099999999999				-0.04879	0.00121				0.80221	0.61421	0.61421				Wildtype
S005	-0.4385	0.42500000000000004					-0.8490000000000001				-0.7495	-0.9590000000000001	-0.1115	-0.593		0.22500000000000003	-0.48400000000000004	-0.015000000000000013				-0.239	-0.239				Wildtype
S006	-0.39949999999999997	-0.2037			0.891					0.8135000000000001	1.3559999999999999	1.1684999999999999		0.22600000000000003		0.9975	0.35899999999999993				1.511		1.511			0.6260000000000001	Wildtype
S007	-0.1386	-0.1197								-0.1313	-0.227	0.09799999999999998	-0.1115			-0.9289999999999999	0.023000000000000007	-0.296		-0.091		-0.08702	-0.08702		-0.091		Wildtype
S008	-0.07999999999999996	-0.41	-0.46299999999999997	-0.46299999999999997			-0.498		0.3400000000000001	0.3400000000000001	0.1070000000000001	0.1070000000000001				0.2725000000000001	-0.526	-0.35	-0.498	-0.6796	0.3500000000000001	-0.6182	-0.6182		0.3400000000000001		Wildtype
S009	-0.4524999999999999	-0.7949999999999999		0.27			-0.5339999999999999	0.3600000000000001			1.35	2.39		-0.22099999999999986		0.19500000000000006	0.1200000000000001	-0.04999999999999982				0.4500000000000002	0.4500000000000002				Wildtype
S010	-0.8722	-0.7107			0.9322999999999999					-0.4560350000000001	-0.6877000000000001	-0.21503499999999998		-0.6737		-1.1606999999999998	-0.26870000000000005				-0.7127		-0.7127			0.016630000000000002	Wildtype
S011	0.29600000000000004	0.19599999999999998									0.224	0.224				-0.51305	-0.368	-0.1293			0.03900000000000001	-0.1936	-0.1936				Wildtype
S012	-0.10700000000000004	-0.34086000000000005	-0.14400000000000004	-0.14400000000000004			0.341		0.6180000000000001	0.6180000000000001	-0.051000000000000045	-0.051000000000000045				0.4199999999999999	-0.07100000000000001	-0.29000000000000004	0.341	0.2129999999999999	1.0639999999999998	-0.728	-0.728		0.6180000000000001		Wildtype
S014	0.254	-0.5459999999999998			-2.186					-0.5389999999999999	-0.07999999999999996	0.4540000000000002				-0.3264999999999999	0.534				-1.714		-1.714	-0.8859325999999998			Wildtype
S016	0.5910000000000001	0.367									0.7025	0.667		0.378			0.784	-0.9339999999999999			0.194						Wildtype
S017	1.5990000000000002	-0.318									-0.12655	-0.6091				0.26949999999999996	0.15499999999999992				0.599	-0.42700000000000005	-0.42700000000000005				Wildtype
S018	-0.309	0.11000000000000003					0.021000000000000005			-0.8275	0.771	0.809	-0.376	0.17500000000000004		0.533	-0.348	0.6819999999999999	-0.006399999999999989	0.021000000000000005	0.909	0.184	0.184			0.42200000000000004	Wildtype
S019	-1.222	0.0			-0.5409999999999999					1.258	1.258	1.8980000000000001				0.13150000000000003	-0.40800000000000003				0.232		0.232	0.40800000000000003			Wildtype
S020	-0.24139999999999998	-0.4653999999999999					0.1766			-0.06255	0.05860000000000001	0.5356	-0.2904	-0.2659		0.020500000000000004	0.0121	-0.19240000000000002	0.3556	0.1766	0.3166	0.0296	0.0296			0.3166	Wildtype
S021	0.032881	0.093381		-0.326119			-0.734119	-0.150119			-0.16961900000000002	-0.148119		-0.270119		-0.448119	0.48288100000000006	0.183881				-0.530119	-0.530119				Wildtype
S022	0.07500000000000001	0.655				0.018000000000000016	-0.06699999999999995			-0.554	0.129	0.129		0.7365		-0.123	0.7070000000000001	-0.04699999999999993	-0.47	-0.06699999999999995	-0.3115		-0.33199999999999996		-0.554		Mutated
S023	0.7050000000000001	-0.8270000000000001				-0.7579	0.9500000000000002			1.9699999999999998	1.7799999999999998	1.7799999999999998		0.45999999999999996		0.6950000000000001	-0.4690000000000001	0.3799999999999999	-0.21999999999999997	0.9500000000000002	0.9899999999999998		2.0		1.9699999999999998		Wildtype
S024	-0.29	0.132					-0.7844				0.8820000000000001	1.002	-0.29899999999999993	-0.32299999999999995		0.43200000000000016	0.20500000000000007	-0.6344				0.46199999999999997	0.46199999999999997				Wildtype
S025	-0.4288	0.065					-0.8500000000000001				-0.8799999999999999	-1.365	-0.284	-0.639		-0.17446799999999998	-0.307	-0.38				-0.497	-0.497				Wildtype
S026	0.119335	-0.253					-0.293			-0.8555	-0.269	0.30500000000000005	-0.533	-0.07116499999999999		0.04199999999999998	-0.5399999999999999	0.092	-0.512	-0.293	-0.392	-0.598	-0.598			-0.552	Wildtype
S027	-0.5899999999999999	1.1059									1.5050000000000001	1.5050000000000001				0.5335000000000001	0.647	0.39			0.926	0.676	0.676				Mutated
S028	0.428	-0.145		0.22465000000000002			-1.367	0.22465000000000002			-0.2265	0.0		0.0050000000000000044		0.1975	0.0	-0.30000000000000004				-1.1769999999999998	-1.1769999999999998				Wildtype
S029	-1.348	-0.7809999999999999									-1.618	-1.618				-0.7715	-0.1679				-0.5640000000000001	-0.828	-0.828				Wildtype
S030	-0.3455	-0.181								0.5365	1.207	1.227	-0.4129			-0.08544999999999997	0.2290000000000001	-0.829		0.273		0.123	0.123		0.7470000000000001		Wildtype
S031	0.5265	0.20800000000000002					0.8920000000000001	0.8920000000000001			1.1280000000000001	1.1280000000000001		0.634		0.405	1.005	-0.348			1.241	0.8260000000000001	0.8260000000000001				Wildtype
S032	0.198	-0.127									-0.903	-0.903				-0.19885	-0.43412				-0.543	-0.3504	-0.3504				Wildtype
S033	0.114	0.018000000000000016	0.388	0.388			0.83		0.1941	0.1941	-0.12800000000000003	-0.12800000000000003				0.405	0.742	0.1927	0.83	0.7250000000000001	1.318	0.04400000000000001	0.04400000000000001		0.1941		Wildtype
S034	0.17673500000000003	-0.07400000000000001								-0.399				0.07600000000000004		-0.13099999999999995	0.3452	0.07100000000000004			-0.5910000000000001		-0.5910000000000001		-0.399		Wildtype
S036	0.0	0.18346999999999997									0.06507	-0.05533		0.01497			0.23947	0.004770000000000001			-0.45753						Wildtype
S037	-0.28200000000000003	-0.8699					-1.0330000000000001				0.44000000000000006	0.5099999999999999				-0.542	-0.386	-0.9815			0.12						Wildtype
S038	0.08599999999999997	-0.33599999999999997								0.258	-0.40099999999999997	-0.40099999999999997		-0.07799999999999996		0.22450000000000003	0.28800000000000003				-0.08999999999999997	0.258	0.258				Wildtype
S039	0.1531	-0.036000000000000004									-0.6614	-0.2149				-0.061950000000000005	0.09109999999999999				0.32910000000000006	-0.09188	-0.09188				Wildtype
S040	0.11870000000000003	-0.43529999999999996								-0.49399999999999994				-0.2996		0.05300000000000005	-0.9550000000000001	-0.39619999999999994			-0.706		-0.706		-0.49399999999999994		Wildtype
S041	-0.4075	-0.2907								-0.681				-0.772		-0.02899999999999997	0.10500000000000004	-0.11000000000000001			0.605		0.605		-0.681		Wildtype
S042	0.2891	0.2851									-0.3519	-0.3519				0.1445	0.19309999999999997				-0.32089999999999996	-0.0785	-0.0785				Wildtype
S044	-0.246	0.028999999999999998								0.41500000000000004	0.17320000000000002	0.17320000000000002		0.2723		-0.09349999999999997	0.1453				0.352	0.352	0.352				Wildtype
S045	-2.036	-0.05199999999999999									-0.32794	-0.757				-0.2915	0.803				0.293	0.07590000000000001	0.07590000000000001				Wildtype
S046	-0.40809999999999996	0.1859								-0.6921	-0.2821	-0.2821		-0.2711		-0.5296000000000001	-0.0008000000000000021				0.2879	0.0969	0.0969				Wildtype
S048	0.2638	0.3048									-0.48235	-0.0995		0.2368			-0.1422	-0.2232			-0.5022						Wildtype
S049	0.527	-0.41899999999999993									0.5190000000000001	0.5190000000000001				0.16700000000000004	-0.14499999999999996				-0.23399999999999996	0.132	0.132				Wildtype
S050	0.24899999999999994	-0.2651									0.929	0.929				0.336	-0.619	-0.9810000000000001			0.3319999999999999	0.4130000000000001	0.4130000000000001				Wildtype
S051	0.43720000000000003	-0.0878					0.10320000000000001				-0.6933	-0.3368				-0.0827	-0.0034000000000000002	-0.17880000000000001			0.3552						Wildtype
S053	0.1935	0.2525					0.1634				-0.9705	-0.9805				-1.4705	-0.005599999999999994	-0.16949999999999998			0.1478						Wildtype
S054	0.5780000000000001	0.254					-0.02200000000000002				0.9825	1.161				0.3618	0.10600000000000004	-0.252			0.48310000000000003						Wildtype
S055	-0.19500000000000006	0.26699999999999996									-0.64995	-0.3869		-0.3808			0.06399999999999995	-0.29600000000000004			-0.635						Mutated
S056	-0.72773	-0.44322999999999996					-0.41823			-0.9532299999999999	-0.77523	-0.77523	-0.36723000000000006	-0.82923		-0.5282299999999999	-0.13023	-0.47923	0.27077	-0.41823	-0.25023	-1.15523	-1.15523			-0.5652299999999999	Wildtype
S057	-0.5999999999999999	0.774									0.4275	0.118		0.635			1.53	0.31400000000000006			-0.1399999999999999						Mutated
S058	0.049000000000000044	-0.26999999999999996	-0.7164929999999999	-0.7164929999999999			-1.033		1.414	1.414	-0.20499999999999996	-0.20499999999999996				0.5295000000000001	0.274	-0.17599999999999993	-0.591	-1.033	0.127	-1.156	-1.156		1.414		Wildtype
S059	-0.11799999999999994	-0.61422								0.778	1.11	1.525	0.565			0.026499999999999968	0.28400000000000003	-0.22999999999999998		-0.542		0.685	0.685		1.225		Wildtype
S060	0.5219999999999999	0.275									-0.515	-0.515				0.10900000000000001	0.11999999999999997	-0.5319999999999999			0.7519999999999999	-1.089	-1.089				Wildtype
S061	0.03300000000000003	-0.3782					-0.3806	-0.3806			-1.306	-1.306		-0.246		0.49	0.04500000000000004	0.254			0.5870000000000001	0.537	0.537				Wildtype
S062	0.21610000000000001	-0.19889999999999997					0.44210000000000005				0.8536	1.0601				-0.8179	-0.2839	0.5171			0.6211						Wildtype
S063	0.20850000000000002	-0.034999999999999976									0.592	0.592				-0.2705	-0.044999999999999984				0.020000000000000004	-0.16399999999999998	-0.16399999999999998				Wildtype
S064	0.19149999999999998	-0.07800000000000004		0.2804			0.12889999999999996	0.04099999999999995			1.159	1.669		0.529		-0.019000000000000045	0.17922999999999997	0.45899999999999996				1.209	1.209				Wildtype
S065	0.05349999999999999	-0.41900000000000004								-0.597				0.12999999999999995		0.236	-0.6859999999999999	-0.32380000000000003			0.12499999999999994		0.12499999999999994		-0.597		Wildtype
S066	0.43107	1.405					0.061				-0.15299999999999997	-0.25000000000000006	0.3575	0.45164		0.5362	0.24300000000000002	0.638				0.5385	0.5385				Mutated
S067	0.53	-0.21399999999999997					0.2193			-0.4365	0.634	0.865	0.398	-0.23299999999999998		0.06130000000000001	0.34199999999999997	0.1484	-0.21100000000000002	0.2193	0.66	0.698	0.698			0.13	Wildtype
S068	-0.03749999999999998	-0.09099999999999997			0.30820000000000003					-0.10699999999999993	0.508	0.831		0.534		-0.03999999999999998	-0.06				0.03400000000000003		0.03400000000000003			0.21600000000000003	Wildtype
S069	0.10100000000000003	-0.4285								1.287				0.09900000000000003		1.187	-0.05699999999999994	-0.5107999999999999			0.637		0.637		1.287		Wildtype
S070	0.2350000000000001	-0.44199999999999995					-0.579				-1.1755	-0.931				-0.5588	-0.57711	0.4610000000000001			1.091						Wildtype
S071	0.18765000000000004	0.03770000000000001				-0.3609	-0.4653			-0.3933	-0.4283	-0.4283		0.69465		-0.031299999999999994	0.24470000000000003	-0.052099999999999994	-0.5913	-0.4653	0.0687		0.04870000000000001		-0.3933		Wildtype
S072	-0.72495	-0.11099999999999988					-0.854633	-0.854633			0.43500000000000005	0.43500000000000005		-0.9138999999999999		-0.7721	0.2650000000000001	-1.5059999999999998			-0.84586	-0.1509999999999999	-0.1509999999999999				Wildtype
S073	0.393	0.10799999999999998			-0.4675					-0.09399999999999997	-0.09399999999999997	0.56		0.393		0.35050000000000003	0.031000000000000028				-0.20500000000000002		-0.20500000000000002			0.56	Wildtype
S074	0.986	0.237									-0.938	-0.938				-0.663	-0.22399999999999998	-0.9490000000000001			-0.726	-1.368	-1.368				Wildtype
S075	0.29569999999999996	0.0319									-1.2763	-1.5013				-0.6077999999999999	0.0978				-0.5692999999999999	-0.2793	-0.2793				Wildtype
S076	-0.215	0.7819999999999999									0.10399999999999998	0.10399999999999998				-0.4680000000000001	-0.10300000000000001	0.933			0.9099999999999999	-0.22800000000000006	-0.22800000000000006				Wildtype
S077	0.8200000000000001	-0.625			-0.531					0.53	0.6299999999999999	1.88				0.55	0.3899999999999999				0.09000000000000008		0.09000000000000008	-1.346			Wildtype
S078	-0.259	0.17300000000000004									0.826	1.101		-0.4654			0.13	-0.05399999999999999			1.291						Wildtype
S079	-0.71005	-0.603				-0.7494999999999999	-0.7427999999999999			0.5569999999999999	0.33699999999999997	0.33699999999999997		-0.24649999999999994		-0.10199999999999998	-0.265	-1.1179999999999999	-1.192	-0.7427999999999999	0.09650000000000003		0.607		0.5569999999999999		Wildtype
S080	-0.06699999999999995	0.02400000000000002								0.45400000000000007	-0.18499999999999997	-0.18499999999999997		0.19200000000000006		-0.2282	0.248				-0.01899999999999996	-0.3437	-0.3437				Wildtype
S081	-0.40890000000000004	-0.445					-0.855				-0.9325000000000001	-1.087	-0.487	-0.39580000000000004		1.075	0.10899999999999999	-0.447				-0.097	-0.097				Wildtype
S082	0.12749999999999997	-0.09400000000000003				-0.10350000000000001	0.493			0.5449999999999999	0.638	0.638		1.0285		0.4325	0.558	0.383	-0.5239999999999999	0.493	0.8926149999999999		1.652		0.5449999999999999		Wildtype
S083	0.21700000000000003	0.23999999999999994								-0.49570000000000003	-0.7127	-0.49440000000000006	-1.6119999999999999			-0.665	-0.08400000000000007	-1.099		-0.627		-0.013000000000000067	-0.013000000000000067		-0.39740000000000003		Wildtype
S084	-1.05	-0.29100000000000004	-0.278	-0.278			-0.756		-0.466	-0.466	-0.31200000000000006	-0.31200000000000006				0.33049999999999996	-0.07600000000000001	-0.36100000000000004	-0.756	-1.206	0.9139999999999999	-0.43760000000000004	-0.43760000000000004		-0.466		Wildtype
S085	-0.7070000000000001	-0.2529								0.003999999999999948	0.138	0.138		-0.3729		0.03199999999999997	-0.30310000000000004				0.32499999999999996	0.008000000000000007	0.008000000000000007				Wildtype
S086	0.043	-0.1608								0.401	0.5499999999999999	0.5499999999999999		0.734		0.45299999999999996	0.203				0.6799999999999999	0.924	0.924				Wildtype
S087	0.246	-0.6900999999999999								0.595				-0.0129999999999999		0.30099999999999993	-0.19999999999999996	-0.864			-1.038		-1.038		0.595		Wildtype
S088	0.5624	0.655					0.7				0.625	0.729	0.9369999999999999	0.768		1.095	0.374	0.8360000000000001				0.887	0.887				Wildtype
S090	-0.2266	0.1734									0.6204	0.6204				-0.23375	-0.018099999999999998	0.004990000000000001			-0.2416	-0.11860000000000001	-0.11860000000000001				Wildtype
S091	-0.829	-0.17999999999999994					-1.4609999999999999	-1.4609999999999999			-0.7929999999999999	-0.7929999999999999		-1.798		-0.4009999999999999	0.17999999999999994	-1.7879999999999998			-1.527	-0.9119999999999999	-0.9119999999999999				Wildtype
S092	-0.21700000000000008	-0.5325000000000001				-0.08650000000000002	0.6849999999999999			-1.875	-0.9490000000000001	-0.9490000000000001		0.17599999999999993		0.15149999999999997	-0.006000000000000116	0.45499999999999996	-0.07000000000000006	0.6849999999999999	0.85		1.1149999999999998		-1.875		Wildtype
S093	-0.05760000000000001	-0.11710000000000001									-1.025	-1.025				-0.30105000000000004	-0.31000000000000005				-0.05270000000000001	-0.281	-0.281				Wildtype
S094	0.09950000000000003	0.648					-0.875				0.2873340000000001	0.897	-0.14999999999999994	-0.06299999999999994		0.7070000000000001	0.6660000000000001	-0.23709999999999995				0.33499999999999996	0.33499999999999996				Wildtype
S095	-0.15000000000000002	0.175					-0.845	-0.845			-0.20900000000000002	-0.20900000000000002		-0.33		-0.835	0.23459999999999998	-0.18700000000000006			-0.36600000000000005	-0.36600000000000005	-0.36600000000000005				Wildtype
S096	0.6059999999999999	-0.4645			-0.11300000000000004					1.596	1.596	2.156				1.136	0.19799999999999995				0.9259999999999999		0.9259999999999999	-0.44200000000000006			Wildtype
S097	-0.5815	-0.412			-0.31799999999999995					1.8410000000000002	2.1060000000000003	2.0010000000000003		-0.10299999999999998		1.1360000000000001	0.237				1.806		1.806			1.7360000000000002	Wildtype
S098	0.8735	0.02500000000000001			-1.9580000000000002					-0.45065	-0.19565	-0.47400000000000003		-0.015		0.030000000000000013	0.264				-0.321		-0.321			-0.729	Wildtype
S099	0.25555	0.9690000000000001					-0.1992				1.124	1.179	-0.438	0.5910000000000001		0.832	0.377	0.11799999999999998				0.6980000000000001	0.6980000000000001				Wildtype
S100	0.004500000000000032	0.332			0.353					0.27245	0.5435	0.41995000000000005		0.29900000000000004		0.14040000000000002	0.41800000000000004				0.644		0.644			0.14890000000000003	Wildtype
S101	0.48300000000000004	0.22900000000000004			-0.3065					-0.07299999999999995	0.456	0.456				0.4200000000000001	0.506				-0.6379999999999999		-0.6379999999999999	-0.39499999999999996			Wildtype
S102	-1.484	-0.426								-0.10399999999999998	-0.5035	-0.21299999999999997	0.22100000000000009			-0.028000000000000025	-0.038000000000000034	0.41200000000000003		-0.28		-0.428	-0.428		-0.45199999999999996		Wildtype
S103	0.2332	0.4327					0.3727	0.3727			-0.2003	-0.2003		-0.08330000000000001		-0.2513	0.2797	-0.12430000000000002			-0.0379	0.1061	0.1061				Wildtype
